marginal concordance
[[[1.  1.  1. ]
  [1.  1.  0. ]
  [1.  0.  0. ]
  [1.  0.  1. ]
  [0.5 0.  1. ]]

 [[0.  0.  1. ]
  [1.  1.  1. ]
  [0.5 0.  1. ]
  [0.  0.  1. ]
  [0.  0.  1. ]]

 [[0.  1.  1. ]
  [1.  1.  0. ]
  [1.  1.  1. ]
  [0.5 1.  1. ]
  [0.  1.  1. ]]

 [[0.  1.  0. ]
  [1.  1.  0. ]
  [1.  1.  0. ]
  [1.  1.  1. ]
  [0.  1.  1. ]]

 [[1.  1.  0. ]
  [1.  1.  0. ]
  [1.  1.  0. ]
  [1.  0.  1. ]
  [1.  1.  1. ]]]

comprehensive_concordance
[[1.   0.6  0.3  0.7  0.55]
 [0.4  1.   0.55 0.4  0.4 ]
 [0.7  0.6  1.   0.85 0.7 ]
 [0.3  0.6  0.6  1.   0.7 ]
 [0.6  0.6  0.6  0.7  1.  ]]

marginal discordance
[[[0.         0.         0.        ]
  [0.         0.         0.5       ]
  [0.         0.16666667 0.        ]
  [0.         0.33333333 0.        ]
  [0.         0.         0.        ]]

 [[1.         0.33333333 0.        ]
  [0.         0.         0.        ]
  [0.         0.83333333 0.        ]
  [0.25       1.         0.        ]
  [1.         0.66666667 0.        ]]

 [[0.75       0.         0.        ]
  [0.         0.         0.        ]
  [0.         0.         0.        ]
  [0.         0.         0.        ]
  [1.         0.         0.        ]]

 [[0.25       0.         0.        ]
  [0.         0.         1.        ]
  [0.         0.         0.5       ]
  [0.         0.         0.        ]
  [0.75       0.         0.        ]]

 [[0.         0.         0.        ]
  [0.         0.         1.        ]
  [0.         0.         0.5       ]
  [0.         0.         0.        ]
  [0.         0.         0.        ]]]

credibility_index
[[0.         0.6        0.3        0.7        0.55      ]
 [0.         0.         0.2037037  0.         0.        ]
 [0.58333333 0.6        0.         0.85       0.        ]
 [0.3        0.         0.6        0.         0.58333333]
 [0.6        0.         0.6        0.7        0.        ]]