margianl preference
[[[0.  0.  0. ]
  [1.  1.  1. ]
  [1.  1.  1. ]
  [1.  1.  0.5]
  [1.  0.5 0. ]
  [1.  0.  0.5]]

 [[0.  0.  0. ]
  [0.  0.  0. ]
  [0.  0.  0.5]
  [0.  0.  0. ]
  [0.  0.  0. ]
  [0.  0.  0. ]]

 [[0.  0.  0. ]
  [1.  1.  0. ]
  [0.  0.  0. ]
  [0.  1.  0. ]
  [0.  0.  0. ]
  [0.  0.  0. ]]

 [[0.  0.  0. ]
  [1.  1.  0.5]
  [1.  0.  1. ]
  [0.  0.  0. ]
  [0.  0.  0. ]
  [0.  0.  0. ]]

 [[0.  0.  0.5]
  [1.  1.  1. ]
  [1.  1.  1. ]
  [1.  1.  1. ]
  [0.  0.  0. ]
  [0.  0.  1. ]]

 [[0.  1.  0. ]
  [1.  1.  0.5]
  [1.  1.  1. ]
  [1.  1.  0. ]
  [1.  1.  0. ]
  [0.  0.  0. ]]]

comprehensive preference
[[0.   1.   1.   0.75 0.4  0.55]
 [0.   0.   0.25 0.   0.   0.  ]
 [0.   0.5  0.   0.2  0.   0.  ]
 [0.   0.75 0.8  0.   0.   0.  ]
 [0.25 1.   1.   1.   0.   0.5 ]
 [0.2  0.75 1.   0.5  0.5  0.  ]]